((("header-row" .
   [1 0 0 0 0 0 0 0 0 0])
  ("input" .
   [1 0 0 0 0])
  ("inline-block" .
   [0 0 0 0 1 0 0 0 0 0 0 0])
  ("break-word" .
   [0 0 0 0 0 0 0 0 0 1])
  ("word-break" .
   [0 0 0 0 0 1 0 0 0 0])
  ("important" .
   [4 0 0 0 0 0 0 0 0])
  ("text-align" .
   [0 0 0 0 0 0 0 2 0 0])
  ("div" .
   [1 0 0])
  ("$l-viewport" .
   [0 0 0 0 0 0 0 0 0 0 2])
  ("correct" .
   [1 0 0 0 0 0 0])
  ("background-color" .
   [0 0 0 0 0 0 0 1 0 0 0 0 0 1 0 2])
  ("$blueishgray" .
   [0 0 0 0 0 0 0 1 0 0 0 0])
  ("clearfix" .
   [4 0 0 0 0 0 0 0])
  ("include" .
   [22 0 0 0 2 0 0])
  ("font-family" .
   [0 0 0 1 0 0 0 0 0 0 0])
  ("font-size" .
   [0 0 0 1 0 0 0 1 0])
  ("font-weight" .
   [0 0 0 0 0 0 2 0 1 0 0])
  ("60%" .
   [1 0 0])
  ("25%" .
   [1 0 0])
  ("$ml-viewport" .
   [0 0 0 8 1 0 0 0 0 0 0 1])
  ("media" .
   [9 0 0 4 0])
  ("20px" .
   [14 0 0 0])
  ("50px" .
   [2 0 0 0])
  ("30px" .
   [2 0 0 0])
  ("position" .
   [0 0 0 3 0 0 0 0])
  ("absolute" .
   [1 0 0 0 1 0 0 0])
  ("100%" .
   [2 0 0 0])
  ("f7f7f7" .
   [2 0 0 0 0 0])
  ("10px" .
   [6 0 0 0])
  ("z-index" .
   [0 0 1 0 0 0 0])
  ("2px" .
   [1 0 0])
  ("40px" .
   [2 0 0 0])
  ("5px" .
   [1 0 0])
  ("non" .
   [2 0 0])
  ("url" .
   [1 0 0])
  ("background-size" .
   [0 0 0 0 1 0 0 0 0 0 0 0 0 0 0])
  ("background" .
   [0 0 0 0 1 0 0 0 0 2])
  ("span-columns" .
   [1 0 0 0 0 0 0 1 2 0 0 0])
  ("$icon-plus" .
   [1 0 0 0 0 0 0 0 0 0])
  ("$icon-minus" .
   [1 0 0 0 0 0 0 0 0 0 0])
  ("75px" .
   [1 0 0 0])
  ("4px" .
   [1 0 0])
  ("20%" .
   [1 0 0])
  ("200px" .
   [1 0 0 0 0])
  ("$small-viewport" .
   [0 0 1 0 0 0 0 0 0 0 0 0 0 0 0])
  ("fff" .
   [2 0 0])
  ("$base-background-color" .
   [0 0 0 0 0 0 0 0 1 0 0 0 0 0 0 0 0 0 0 0 0 0])
  ("$box-background-color" .
   [0 0 0 0 2 0 0 0 0 0 0 0 0 0 0 0 0 0 0 0 0])
  ("body" .
   [1 0 0 0])
  ("title" .
   [1 0 0 0 0])
  ("$blue" .
   [1 0 0 0 0])
  ("$darker-blue" .
   [0 0 0 0 1 0 0 0 0 0 0 0])
  ("display" .
   [0 0 0 0 0 0 3])
  ("margin-bottom" .
   [0 0 0 0 0 0 0 0 0 1 0 0 0])
  ("to" .
   [1 0])))
